1.2490667998698954
0.8865041214614499
1.2001778183574774
0.6466325661914665
2.274512271063867
0.6396431192847715
0.8508676702496383
1.1061457172449867
1.0033500624850824
0.8219886973573238
0.7438864699374219
1.065955738172105
0.8704950712482198
1.0492156556695449
1.2235779421968547
1.4034532940465632
0.8068209821058445
1.6396974892039815
1.168186428967847
1.1280034122114713
0.6396832079404164
1.216283337382348
1.1905632272533564
1.0063871825433288
0.6181665543839969
0.8029065618592917
1.1342081189275004
0.9916166712650988
1.3614789416509645
1.0605729093418599
0.8182573111380688
0.9914853024343542
1.2508337109402743
0.6945118057360886
0.7488495356853909
1.218625998289242
0.7371636483007871
0.9745601884846808
1.2907416138639598
1.5712409104295308
0.9730885851979163
0.5073832175229208
0.7559215108087091
0.4254937873578756
0.8911178798899504
0.8762069665645373
0.9178697711349569
0.6787093134770145
0.5949351910289282
0.898634595627302
0.7385771609184331
1.215144917216665
0.8819568483937512
1.0200022087949818
0.6625370232480032
0.8099525833313335
0.8722598524840116
0.680153541116775
0.9781831069011719
0.9453273500150378
0.904684597899814
0.7402511126850408
0.8269605754856094
1.155612750420038
1.1781137952364729
0.6931443944433263
0.6980238472612638
0.7636910484051352
0.959425251660389
0.6465456746073467
0.8886385081054635
1.0867416117686892
0.8147788868533444
0.8222406215369782
2.0185507842550003
1.1732033112104765
0.8173488951737378
0.6746244199876703
1.1764093963779827
0.68610851039279
0.8419031171915016
1.5508906377969116
1.1407060336384673
0.7016238613920855
1.186087304958705
1.4124475039881488
0.5000609873802049
0.6502301858111607
0.9501759824266351
2.1452420856138046
0.6744088699792619
1.007074478050438
1.1514181002768016
1.1985425627549948
1.1263799913419617
1.639410216013498
0.7715097654227663
1.3061767080432087
1.6145206277646096
1.3141795787049155
1.175405898789795
1.2475247612043465
0.885793853103019
1.118763051201751
0.6963374459234719
1.3640430191880903
1.3188707038381833
0.6310447285217595
0.9429805572721636
1.4112363977854412
0.6690563560865354
1.0067486278123097
1.70608896084372
1.1161971026186719
1.0545007351507691
0.8613526269131787
0.8348998545112968
0.48565313825018963
0.721418055502342
1.3446805433335682
1.461899743257344
1.2142894909945976
1.5344779421171963
0.8826481516155648
0.5433945481115332
1.0298316773698857
1.4470060831829472
0.9340361204349354
1.311552151806706
0.9401377324937158
1.082031825754407
1.5009529509292592
0.7954703776533473
1.211624775503446
1.010579235991189
1.321407308560661
1.0431522071932722
1.2313197957529791
1.3574345678371578
0.6545209867130442
0.8391612621871648
0.5850787770596608
0.8107109521125011
1.2055968630618754
0.8195952767171877
1.0834279412330898
1.9215583935362524
1.104015696995224
1.6163627136144592
1.3931118369459228
0.5710485992585969
1.2930910705913194
0.7274674323966216
0.9950815343267759
0.6391740739735376
0.48334447596336527
1.213092995325966
1.070315254901906
1.1617642342161794
0.7962017162703758
0.7400265410137783
0.8643898209318455
0.669304136722725
0.8811940075529783
1.3260939257011475
0.9463424039187821
0.48580230818611164
0.9058580572021322
1.0293037067414872
1.0684555901659931
0.8701543172243053
1.1553565014857714
0.6718223342746412
0.8834376976782679
0.804689616315636
1.4438746047637223
1.2499307266760957
0.48434939657842413
0.46988168276596154
1.014226566895968
1.0010202552625354
1.126142598974692
0.8196452828698757
1.8779117292067824
0.9205872597621226
1.5488289698101088
1.4488258071260718
0.5701850173346263
1.2840944588408238
0.7866377813978087
0.8395865759463437
1.1352911901935108
1.3040064915105396
0.8704937886095061
1.2632537372093995
1.0402109593806004
0.5112713984875933
1.0135528820852455
1.3506334963773492
1.0984190417321056
1.1501984566668548
1.3594663711433324
1.162014910751264
0.741253711575929
1.1725966097544656
1.378215582516371
1.0415670346278287
0.8051318821559914
0.8002804222003859
0.8198342390412534
1.2937091261538185
1.1055674016144375
0.594796679590377
1.3516620495752196
0.8133042640288215
0.6354243873984193
0.7141216931919037
1.1178246682765134
0.6462151514268917
1.0084245718959406
0.476428996495451
1.121053726778016
0.3469304171475809
0.6535949301173851
0.7420925866075544
0.5580048048139716
0.8494852338046825
0.988283567120189
1.1186598469355593
1.3247523235893948
0.9297894523773635
0.56146513279152
0.6872226036425312
1.2907071563770516
0.819101185903987
1.3944792428605948
1.3768451378266362
0.8375837315452144
1.1127126247861256
1.002355989807207
1.2137429209321577
0.8278714043550846
0.9521930524578606
0.8232142697697624
0.9628283383286339
0.6251348382046908
1.3663164926868465
1.0745007743134922
1.2721127562299468
1.0311728300221243
0.8661987967977243
1.1780326793341045
0.9533621111897835
1.249761422885293
0.3920835285181716
1.0607787309125711
0.8951886122068649
1.3863163625567618
1.0205449136265257
0.9857318319845098
1.3377969161412282
1.0023529372149613
0.8387806807593942
0.7169715891284689
1.2460260001051715
0.7742912822468193
0.8974548636750687
0.739740856193529
0.659634635944701
0.7139797801661132
1.77775614471214
1.181558902075316
1.2557205756976515
0.9029457774643543
0.4622287715861189
1.043428050632829
1.1329889697276714
1.3971467423175459
0.7339208373728299
1.7295085164434174
0.6412134976662177
0.7728877085777872
0.4465283506874694
0.8725457474075993
0.959727515786714
0.9182283711146997
0.5335470276554659
1.0847192600183848
1.498472212888182
0.5209000703048987
1.577753240399306
0.8608552870590689
1.0759512857403013
1.214736365721161
0.8032210746662445
0.727056845609422
0.9191447577620308
1.3905822476927538
1.5725298086710011
0.6636374262440011
0.6356119105337313
1.6170882778498517
0.688700662664699
2.1263147712548323
0.955576497534496
1.3559841788958746
1.339852003015861
0.9609644530911362
1.3434176005469394
0.8609972539324373
0.9562052215541973
1.3011829082307735
0.5249676222340074
0.8008686470891787
1.292183571859661
0.8127629149995219
1.1885677349052681
0.9453786115826454
0.5474225213540497
1.0714494187011598
1.3427371305438802
0.7994707907660861
1.0062032942626455
0.7115707815102026
1.2397401810937596
1.1442384081455939
0.9398970920020856
0.9194544439962474
1.5759449157155763
0.6921134097315363
1.2705819762166475
0.8084428500214257
0.796341824952602
0.9707146119427168
0.45148643592731236
0.832100576745226
1.2546862488194646
1.1355134033310836
0.7515983547013299
0.8203071656754201
0.9985074441853475
1.5191185542323704
0.964842485391803
0.5789330041359895
0.757406107076935
1.1263677410249473
0.718169039397839
1.2079118470835053
1.0159018959806045
0.6729429189542977
1.1226047493663065
0.6976382597159447
0.84529360234786
1.266504127554968
2.1030217084827547
1.3259033497415385
0.5955041920671693
0.9084820481886423
1.063639870942311
0.5756626400856341
0.7920287513827882
0.3877302866267276
0.639493709315568
0.575184518061653
1.2436189509141973
1.3520126848829626
1.1164647137598167
1.5996674572629588
0.4510194355799915
1.0480300402015517
1.1264596296450096
0.6036244052733375
1.6068964197251383
0.9764165016069738
0.9739158420443095
0.8716174445838402
0.8328718837908082
1.0359057967156224
1.3345416475633967
1.0714410167887103
0.7738899660072747
1.2190131881023334
0.6270742063340012
0.5065551443319365
1.0969762094342639
1.2381405557290197
0.7878412310067346
1.3484961767030923
0.7986380963572375
1.6369879986682256
0.657139939311072
1.0978813145075026
1.5001669470568197
1.2328302918338578
1.064984833015919
1.282269050366947
0.5343550274778891
0.8850431986573902
1.8002658924072654
0.7063370477320479
0.9636292607702763
1.0182546031579955
1.1129164796433375
1.2115977040201202
1.80090554056348
0.6132840039597034
0.539603599438216
1.0747172650798869
0.7488317358845967
0.6576444491689848
1.0976870117191453
0.955046888733151
0.6714184414555657
0.8732079906008486
1.2219058063056143
1.3578413376762084
0.6121842708563994
0.7995961416972639
1.0895467476702447
0.8653246671183179
0.841471614684519
0.8475534717868485
1.4231196660791108
0.9486601682624316
1.1067859392787764
1.0723171149285402
1.1113065202187256
1.1258851522029387
1.7257311955877739
0.9041611659300581
1.0641605400585594
1.4899715471268427
1.1335470102547454
1.241838041717388
1.1721519382384424
0.8385824947344578
0.7208627172270778
1.0660086087669454
1.1352995860370023
0.8445349157723918
0.8827496134469073
1.3545459355341494
0.6606182612155479
1.0447333403483803
0.6143388120117298
0.8839597506841373
0.7090289974936445
1.0407571436168177
0.9496479137096298
0.8384248280443819
1.4731319124740305
1.1940812623616233
1.1703555831681485
0.5464002831053251
0.6221982197164067
0.9574993321551952
0.7148785730175058
1.4280259091238945
1.1073280342623126
1.40171322691203
1.4847224517514153
0.6728637840453385
1.1262957056183904
1.3295206123038479
0.8591597149267256
1.0200601646016867
0.9326032825423353
1.1734327745070179
1.0647211122190556
0.8240072314803879
0.8025335614404808
0.9070689266754479
0.931798181786799
0.996568183007911
1.1086541011529776
0.8299926426453007
1.75272908919756
0.7131160156663934
1.2975285657284532
1.1934819971245427
0.9395885532353212
1.3261284363154158
1.171302259047855
0.6754866284132135
0.8233181396624742
1.2900205232206918
0.9695767775023038
0.7398504521983363
0.41041437820219534
1.45529251766943
1.1902410398239922
1.0393882429962458
0.8598008282418205
0.9814410406140766
0.7207835641701743
0.6915869205279735
0.5016536243536045
0.48900094477709094
0.764446806824266
1.029127268102735
1.0245185986274143
1.1389593152568516
0.7233923183276377
1.1754516282460645
0.8828466411954453
0.8130905448009788
0.8609265659953185
1.0966768061739862
0.9392541270862832
1.373064312834265
0.5975297985524601
0.5324981023218878
1.2542712495741466
0.5822780985052248
1.2629374083317422
0.8131687152782995
1.2741537708588782
0.856041792641963
1.6981580411602095
0.9619184414489961
0.6173133993662742
0.9261249265428132
1.1092812945985873
1.1029654288147126
0.8415044716265268
0.7091800408486525
0.8333028237486675
1.0195421689037012
1.224135655079737
0.8658865503005524
1.4804680591894332
0.8614906196924466
0.5991838019037722
0.9345773821648169
0.7470100407416922
1.0220107682838404
0.8078407716846618
1.0044474455375012
1.0594051356514043
1.400420840628485
1.1982575936583477
0.8992189632677734
0.739802134336179
0.5264150191567439
0.8424394796673631
1.3118585860898377
0.980681671673676
1.1903396001765407
0.7336022692044891
1.2713706194750465
0.4042627750610732
0.777148138453563
0.7625324004858717
0.8427879699342731
0.8007840283109793
0.8531366615633595
0.7410547462802326
1.1827659640167545
1.2442148051091184
0.7325579068789085
0.8793139422933001
1.016337937145869
0.9684828762870789
0.7668318539161466
0.7390698336322117
1.011873442380693
1.0235355116227858
0.691145164990835
1.0109336380532477
1.2934628543485407
1.0180014602544043
1.1741371687954503
1.2226262537492498
0.8914718926825321
1.8601664961307627
0.613615634877876
0.9675984354401773
1.161781626463917
1.5378743760735372
0.7037660514865446
1.2246553875112653
1.6727829761651347
1.31090762520662
1.7176584406186552
0.9113883119925514
0.6184575891715591
1.2386062637506583
1.1622919060537338
1.5769425534728052
1.0634267677727274
0.6859742319951476
0.8074966087484527
0.6420211958993435
0.9715246526744415
0.729346568483466
0.8308487613884147
0.8263799253644999
1.487663592646253
1.2406048366929894
0.5175839918774919
1.468945854262592
1.1289410806612914
1.062060297647519
1.3334380485488713
0.9547928169503551
0.5753765532191653
1.558561408256345
1.9314977897894572
0.6975701721525167
0.7813268794470428
1.0835768028857538
1.142955285586988
1.1518317419781272
1.1066502055804528
0.8211196273805396
1.140694184459147
1.3824106418834068
0.8638251140485667
0.7188764608769931
0.8713635714204131
0.6253467185961601
0.8020637600110282
1.2088228424543155
0.7676996626510858
0.5795964228531743
1.7010166848964758
1.1587597355866839
0.5902038462863285
0.46640544611985596
0.7089029640863744
0.8514882680483202
0.8394712957781234
1.0550156398858666
1.0794990982104158
0.5957287763806449
1.030974889387267
0.6290682093595608
0.8356307847122573
1.0136673309870354
1.6250374477860607
0.7394781691261667
1.3908229478780947
0.4069283206677573
0.8572461842354006
0.953483794872384
0.7943539053378716
0.603592287106069
0.4157163380964303
0.7235639617465544
0.9151334225536388
1.0151640128532473
1.4495940474311222
0.8506427742094704
0.5108385340691239
0.8588662899938114
1.1088327098102084
1.205602569607651
0.5925580557957916
0.9164819167893639
0.6483416307387608
0.9960079822607757
0.9845420728073124
0.5344111329168005
0.8766545447935317
0.8905989649455677
0.585964263982637
0.8567903454165486
1.3503543522596384
1.379233719623204
0.935023508982251
0.8660465755755802
0.6651363968408414
0.9070768901000708
0.8439453774621894
1.2491932984237113
0.9171647952806807
0.7716228336991431
1.089426373930959
1.5349051587008613
0.7731799291606336
0.6877981452120494
1.1989693780845974
0.8515518340316044
0.7470425496855675
0.6193114247896505
1.7112104101202612
0.8590710553519397
0.77695382091088
1.5438744890147795
1.078363017125271
0.8701072866320242
1.1195671459060637
0.8540518242450614
1.8606985527546336
1.0048423634329757
1.036690455395496
0.9520266696257421
0.8188074199497632
1.0311692751548756
1.039858707034117
0.8979388428837973
0.3277620572820411
0.5399442998593295
1.4446637497582708
0.6483672975552445
1.01753427297746
1.266224830253058
1.0384295628757891
1.0938463230719493
1.0130034365300595
0.6565231830714688
0.9402256677155467
0.7037911657739888
1.6528845077766294
0.9435730157797938
0.8326363762995369
1.1009163911240119
0.8626380978198522
0.6415029035819615
1.1994722155848532
0.6505209240328212
1.9134826091916703
0.9675339622447587
1.3234181326476442
1.2283220979109881
1.1090404133072282
1.1456071066978795
1.6966394380838774
0.9469313558648318
0.9317160386566756
1.333821312688063
1.1991039059524773
0.8999081682609302
0.8210841791387795
0.6550241772807615
0.6985725848024644
1.3275731236636612
0.9503774633079507
1.3546995657183118
1.2180827151485658
1.5731167783619786
1.6032447865528074
0.9360636413837827
0.83145569402465
0.7213591438644874
0.8749168277691712
0.9278562524274243
0.5998343162501474
0.7646576565969958
0.8153523976847893
1.1785623520963353
0.9467243200981628
0.8419273363485456
1.265933554919138
1.963829207936449
0.5208546665922632
1.7793577443520694
0.9746750953174038
0.9434067599695048
0.9868131502801033
1.0137126541362655
1.1723629629875605
0.9587860226929233
1.6916601445018533
1.003895447318302
1.2462265851703742
0.8564519020816583
1.1341795758237765
1.2460265425770642
1.9028509255152677
1.0405550044172267
0.5475876273064177
0.7854312939257093
0.7558312932149707
0.6502647622207619
0.9172345339490032
0.42095776615478114
1.3459068703998056
0.5548143905899178
0.8298934917295305
1.007805037393931
1.4669655308181428
0.7941858695147005
1.0336921271681934
1.0526595872626299
0.8461018595986509
1.3905373681620194
0.6191326574797484
0.9607542910696025
1.1416623197034719
0.5346963922784915
1.793584663415904
0.987355814372646
0.7695198355372603
1.0424582091402501
1.6046973307132621
0.7431193667045836
0.6847980631776709
0.9760934732182406
0.6180619191686044
0.7549336819543682
0.8299826662278132
1.077175034230416
0.6781521451298058
1.1756942475928345
1.3288452945004638
0.611812787592619
0.8371296974017014
1.6361096504070343
0.4313749459219814
1.2856758108870503
0.6300081480931153
0.5931980255708493
0.5822574576184537
0.6445273456731154
1.2138912901471937
1.1455618790104927
1.2846614087075243
0.7727932544727768
1.1441089418821613
0.9465760019779145
0.35579260382887845
1.3904638591542264
1.3740257551502082
1.1833082748547599
0.9603019361682037
1.1082211214169038
0.9434075379564094
0.5098844591048171
0.9345595612004507
0.6568253151164466
0.7175155122627955
0.553242439784303
1.352787394649558
0.6463627233084863
0.8805345164730604
0.7785265585154396
1.6980455998238917
1.6149918940205041
1.2305563923571268
0.7491090964099516
1.392035729132968
1.2157944670441398
0.8246193263394994
0.8700291898515328
0.845189150077777
0.6079052890438634
0.9137953553805914
1.1726893409389958
0.269932854862391
1.1305333541730256
0.6764176314653966
1.4507147500522453
0.940354709273225
0.6145022715370473
1.1767010812726437
1.1074261379655277
0.8712447850193229
0.7678582865396851
0.7152365185423637
1.429023947171195
2.15008739039244
0.5637620558249422
1.2297233570389579
1.1584515118345569
0.8273574620318209
1.502522023866522
1.1089076512907767
1.08211780114807
1.0407391313534036
1.525670784587815
0.9045820452386419
1.2091877313422745
0.8146811983581406
0.6295164896184228
0.8953560104389094
0.9080136832780863
1.0137741322968343
0.9997448267686588
0.7085508474345993
0.7469011524998173
1.4893106066647455
0.9489525576940219
0.36927249311637084
1.099076674777342
0.9913880605042937
1.0824160984393052
1.0868744166833877
1.7138766448235945
1.2630782740758648
0.990149232383658
0.7454813519198409
1.0179818197472619
0.730076515661321
0.9207966288875392
0.8497855176009811
0.7462999968671106
0.8281530135689316
1.091984763837067
1.0506674836561885
0.805135318073001
0.7690335027400677
0.44781204388990936
0.904837250165418
1.1950592239650473
0.7210406776272584
0.9326667638806928
1.2051498408560515
1.2726361259919714
0.9761651563525918
0.5941010770392465
0.6226184008654003
0.7477102982107657
0.7454146387993518
0.7444035286981006
1.0543714228607592
0.6771471756818003
0.5253006999889074
1.4285185735621555
0.9396156059668004
0.9414463559186927
1.1819308068182983
0.8316282650130636
0.7093976821269555
0.8400968576771053
0.691630516103143
1.0889691569633693
1.103098859948806
1.6390482217285598
1.2023467338695355
1.08178062125937
1.1885889130683707
1.144761808034104
1.2210409012525332
0.993617436977425
1.5036900418308372
0.9506717714581804
0.950801547380457
0.9316437784994613
0.6284473035747462
1.3580444787224795
1.279325532651199
0.7101811213539209
1.282338569700982
0.6931201910541036
0.4018158044904922
1.3640876144984984
1.4036028744511482
1.0894728316332054
1.2115591977334683
1.2253722849396742
1.011725516789761
0.4247161655321669
0.8469373747832444
1.295820696699994
0.810485000011011
1.2364646975294113
0.5782763669466282
0.9632727865987105
1.2489645800650722
1.0355214092511202
0.7588593406823825
1.76127964541747
1.1174648908331672
1.0489183957269228
1.3508810781978262
0.783535728686948
0.8824257768413613
0.49775458842472575
1.9378683079233165
1.2944922582728453
0.6510985324778145
1.4042569274116097
1.6521312167802358
0.5966515018509648
0.7885865971655556
1.5717663625561804
0.5748368586208098
1.3862266276130693
0.7102174614670297
1.4730923923184078
0.7348241752940113
1.045939328442128
1.5097352796719208
0.9795210191666642
1.1522176784685125
1.431078314497737
1.1090495856455498
1.2824481461069914
1.034100993505095
1.5263632115184067
0.9592637754390244
1.3412799872416552
0.993479818845306
0.9266809508551139
1.109369390918764
1.222200345905816
0.8492150151780171
0.6408025763558272
0.7049085341028163
